2228
2656
3085
3513
3942
4370
4799
5228
5656
6085
6513
6942
7370
7799
8228
8656
9085
9513
9942
10370
10799
11228
11656
12085
12513
12942
13370
13799
14228
14656
15085
15406
15513
15942
16370
16799
17228
17656
18085
18513
18942
19370
19799
20228
20656
21085
21513
21942
22370
22799
23227
23656
24085
24513
24942
25370
25799
26227
26656
27085
27513
27942
28370
28799
29656
30085
30513
30942
31370
31799
32227
32656
33085
33513
33942
34370
34799
35228
35656
36085
36513
36942
37370
37799
38228
38656
39085
39513
39942
40370
40799
41228
41656
42085
42513
42942
43370
43799
44228
44442
44656
45085
45513
45942
46156
46370
46799
47228
47656
47870
48085
48513
48942
49370
49585
49799
50228
50656
51085
51299
51513
51942
52370
52799
53013
53228
53656
54085
54513
54728
54942
55370
55799
56013
56442
56656
57085
57513
57942
58370
58799
59228
59656
60085
60513
60942
61370
61799
62228
62656
63085
63513
63942
64370
64799
65227
65656
66085
66513
66942
67370
67799
68228
68656
69085
69513
69942
70370
70799
71228
71656
72085
72513
72942
73370
73799
74228
74656
75085
75513
75942
76370
76799
77228
77656
78085
78513
78942
79370
79799
80228
80656
81085
81513
81942
82370
82799
83228
83656
84085
84513
84942
85370
85799
86228
86656
87085
87513
87942
88370
88799
89228
89656
90085
90513
90942
91370
91799
92228
92656
93085
93513
93942
94370
94799
95228
95656
96085
96513
96942
97370
97799
98228
104870
105085
111299
111513
111942
112370
112799
113228
113656
114085
114513
114942
115370
115799
116228
116656
117085
117299
117513
117942
118370
118799
119228
119656
120085
120513
120942
121370
121799
122228
122656
123085
123513
123942
124156
124370
124799
125228
125656
126085
126513
126942
127370
127799
128228
128656
129085
129513
129942
130370
130799
131013
131228
131656
132085
132513
132942
133370
133799
134228
134656
135085
135513
135942
136370
136799
137228
137656
137870
138085
138513
138942
139370
139799
140228
140656
141085
141513
141942
142370
142799
143228
143656
144085
144513
144942
145370
145799
146228
146656
147085
147513
147942
148370
148799
149228
149656
150085
150513
150942
151370
151799
152228
152656
153085
153513
153942
154370
154799
155228
155656
156085
156513
156942
157370
157799
158228
158656
159085
159513
159942
160370
160799
161228
161656
162085
162513
162942
163370
163799
164228
164656
165085
165513
165942
166370
172799
172906
173013
173120
173228
173335
173442
173549
173656
174085
174513
174942
175370
175799
176228
176656
177085
177513
177942
178370
178799
179228
179656
180085
180513
180942
181370
181799
182228
182656
183085
183513
183942
184370
184799
185228
185656
186085
186513
186942
187370
187799
188228
188656
189085
189513
189942
190370
190799
191228
191656
192085
192513
192942
193370
193799
194228
194656
195085
195513
195942
196370
196799
197228
197656
198085
198513
198942
199370
199799
200228
200656
201085
201513
201942
202370
202799
203228
203656
204085
204513
204942
205370
205799
206228
206442
206656
207085
207513
207942
208370
208799
209228
209656
210085
210513
210942
211370
211799
212228
212656
213085
213299
213513
213942
214370
214799
215228
215656
216085
216513
216942
217370
217799
218228
218656
219085
219513
219942
220156
220370
220799
221228
221656
222085
222513
222942
223370
223799
224228
224656
225085
225513
225942
226370
226799
227013
227228
227656
228085
228513
9999999
